; POKE_LIST.txt - PONGGAME MC bytes for BASIC DATA lines
; DIM/VARPTR loader: 451 bytes assembled with ORG 0000H
; BASIC patches internal CALL/JP targets at runtime (see patch table below)
; PARAM_BASE = F605H = 62981 (fixed user area, 12 bytes)
;
; === DATA lines (900-930): 451 machine code bytes ===
900 DATA  58, 15,246, 14,  1,205,128,  1,  6, 12,205,104,  1, 58, 15
901 DATA 246, 50, 16,246, 14, 11,205,  5,  0,167, 40, 48, 14,  6, 30
902 DATA 255,205,  5,  0,254, 27, 32,  1,201,246, 32,254, 97, 40,  6
903 DATA 254,122, 40, 12, 24, 24, 58, 15,246,214,  4, 48, 14,175, 24
904 DATA  11, 58, 15,246,198,  4,254, 53, 56,  2, 62, 52, 50, 15,246
905 DATA  58,  6,246, 79, 58,  5,246, 71,121, 72,205,128,  1,  6,  4
906 DATA 197,205,147,  1,121,254, 15, 32,  4, 62, 24, 24,  1,175,205
907 DATA 174,  1,205,120,  1,193, 16,233, 58,  5,246,254,  1, 32, 13
908 DATA  58, 15,246, 14,  1,205,128,  1,  6, 12,205,104,  1, 58, 16
909 DATA 246, 71, 58, 15,246,184, 40, 56, 56, 28,120, 14,  1,205,128
910 DATA   1,  6,  4,205, 89,  1, 58, 15,246,198,  8, 14,  1,205,128
911 DATA   1,  6,  4,205,104,  1, 24, 26,120,198,  8, 14,  1,205,128
912 DATA   1,  6,  4,205, 89,  1, 58, 15,246, 14,  1,205,128,  1,  6
913 DATA   4,205,104,  1, 58,  5,246, 71, 58,  7,246,128,254, 30, 56
914 DATA   9, 58,  7,246,237, 68, 50,  7,246,128, 50,  5,246,183, 32
915 DATA   7, 14,  2, 30,  7,205,  5,  0, 58,  6,246, 71, 58,  8,246
916 DATA 128,254, 61, 56,  9, 58,  8,246,237, 68, 50,  8,246,128, 50
917 DATA   6,246, 58,  5,246,254,  1, 32, 38, 58,  7,246, 60, 32, 32
918 DATA  58, 15,246, 71, 58,  6,246,198,  3,184, 56, 20, 58, 15,246
919 DATA 198, 12, 71, 58,  6,246,184, 48,  8, 58,  7,246,237, 68, 50
920 DATA   7,246, 58,  5,246, 79, 58,  6,246,205,128,  1, 33,  9,246
921 DATA   6,  4,197,205,147,  1,126, 35,205,174,  1,229,205,120,  1
922 DATA 225,193, 16,239, 42, 13,246, 43,124,181, 32,251,195, 13,  0
923 DATA 197,205,147,  1,175,205,174,  1,205,120,  1,193, 16,242,201
924 DATA 197,205,147,  1, 62,255,205,174,  1,205,120,  1,193, 16,241
925 DATA 201, 98,107, 17, 30,  0, 25,235,201,111, 38,  0, 41,229, 41
926 DATA  41, 41, 41,209,183,237, 82, 89, 22,  0, 25,235,201,205,189
927 DATA   1, 62, 10,211, 33,205,189,  1,123,211, 32,205,189,  1, 62
928 DATA  11,211, 33,205,189,  1,122,211, 32,201,245,205,189,  1, 62
929 DATA  12,211, 33,205,189,  1,241,211, 32,201,219, 33,  7, 56,251
930 DATA 201
;
; === DATA line 931: patch table (33 offsets) ===
; Each value is the offset of the low byte of a CALL/JP target within the MC.
; BASIC: L=PEEK(AD+P):H=PEEK(AD+P+1):W=L+H*256+AD:POKE AD+P,W mod 256:POKE AD+P+1,W\256
940 DATA 6,11,86,92,105,108,126,131,149,154,164,169,179,184,192,197,310,319,324,328,343,347,351,354,362,367,370,404,411,417,424,432,439
;
; === BASIC loader (lines 6-11) ===
; 6 DIM MC225 1
; 7 AD=VARPTR(MC$)-1
; 8 FOR I=0 TO 450:READ V:POKE AD+I,V:NEXT I
; 9 FOR I=0 TO 32:READ P
; 10 L=PEEK(AD+P):H=PEEK(AD+P+1):W=L+H*256+AD
; 11 POKE AD+P,W-INT(W/256)*256:POKE AD+P+1,INT(W/256):NEXT I
