; POKE_LIST.txt - PONG2P MC bytes for BASIC DATA lines
; DIM/VARPTR loader: 906 bytes assembled with ORG 0000H
; BASIC patches internal CALL/JP targets at runtime (see patch table below)
; PARAM_BASE = F605H = 62981 (fixed user area, 18 bytes)
;
; === DATA lines (900-960): 906 machine code bytes ===
900 DATA 175,50,19,246,58,6,246,79,58,5,246,71,121,72,205
901 DATA 1,3,6,4,197,205,20,3,121,254,15,32,4,62,24
902 DATA 24,1,175,205,47,3,205,249,2,193,16,233,58,22,246
903 DATA 183,32,7,58,6,246,254,7,48,20,58,20,246,14,7
904 DATA 205,207,2,58,21,246,14,22,205,207,2,175,50,22,246
905 DATA 58,5,246,254,4,32,34,58,16,246,14,4,205,1,3
906 DATA 6,12,205,176,2,58,15,246,14,4,205,1,3,6,12
907 DATA 205,191,2,58,15,246,50,16,246,24,114,58,15,246,71
908 DATA 58,16,246,144,40,104,56,46,79,58,16,246,198,12,145
909 DATA 14,4,205,1,3,58,15,246,71,58,16,246,144,71,205
910 DATA 176,2,58,15,246,14,4,205,1,3,58,15,246,71,58
911 DATA 16,246,144,71,205,191,2,24,50,237,68,71,58,16,246
912 DATA 14,4,205,1,3,205,176,2,58,15,246,71,58,16,246
913 DATA 144,237,68,79,58,15,246,198,12,145,14,4,205,1,3
914 DATA 58,15,246,71,58,16,246,144,237,68,71,205,191,2,58
915 DATA 15,246,50,16,246,58,17,246,71,58,6,246,79,120,198
916 DATA 3,185,48,5,120,198,4,24,9,121,198,3,184,48,19
917 DATA 120,214,4,203,127,40,3,175,24,6,254,53,56,2,62
918 DATA 52,50,17,246,58,5,246,254,25,32,34,58,18,246,14
919 DATA 25,205,1,3,6,12,205,176,2,58,17,246,14,25,205
920 DATA 1,3,6,12,205,191,2,58,17,246,50,18,246,24,114
921 DATA 58,17,246,71,58,18,246,144,40,104,56,46,79,58,18
922 DATA 246,198,12,145,14,25,205,1,3,58,17,246,71,58,18
923 DATA 246,144,71,205,176,2,58,17,246,14,25,205,1,3,58
924 DATA 17,246,71,58,18,246,144,71,205,191,2,24,50,237,68
925 DATA 71,58,18,246,14,25,205,1,3,205,176,2,58,17,246
926 DATA 71,58,18,246,144,237,68,79,58,17,246,198,12,145,14
927 DATA 25,205,1,3,58,17,246,71,58,18,246,144,237,68,71
928 DATA 205,191,2,58,17,246,50,18,246,58,5,246,71,58,7
929 DATA 246,128,254,30,56,9,58,7,246,237,68,50,7,246,128
930 DATA 50,5,246,58,5,246,183,32,28,62,1,50,19,246,33
931 DATA 20,246,52,126,254,10,32,2,54,0,62,1,50,22,246
932 DATA 14,2,30,7,205,5,0,58,5,246,254,29,32,28,62
933 DATA 2,50,19,246,33,21,246,52,126,254,10,32,2,54,0
934 DATA 62,1,50,22,246,14,2,30,7,205,5,0,58,6,246
935 DATA 71,58,8,246,128,254,61,56,12,58,8,246,237,68,50
936 DATA 8,246,62,60,24,14,254,1,48,10,58,8,246,237,68
937 DATA 50,8,246,62,1,50,6,246,58,5,246,254,4,32,38
938 DATA 58,7,246,60,32,32,58,15,246,71,58,6,246,198,3
939 DATA 184,56,20,58,15,246,198,12,71,58,6,246,184,48,8
940 DATA 58,7,246,237,68,50,7,246,58,5,246,254,25,32,38
941 DATA 58,7,246,61,32,32,58,17,246,71,58,6,246,198,3
942 DATA 184,56,20,58,17,246,198,12,71,58,6,246,184,48,8
943 DATA 58,7,246,237,68,50,7,246,58,5,246,79,58,6,246
944 DATA 205,1,3,33,9,246,6,4,197,205,20,3,126,35,205
945 DATA 47,3,229,205,249,2,225,193,16,239,62,0,201,197,205
946 DATA 20,3,175,205,47,3,205,249,2,193,16,242,201,197,205
947 DATA 20,3,62,255,205,47,3,205,249,2,193,16,241,201,95
948 DATA 22,0,98,107,41,25,41,25,17,68,3,25,229,62,0
949 DATA 205,1,3,225,6,7,197,229,205,20,3,225,126,35,205
950 DATA 47,3,229,205,249,2,225,193,16,237,201,98,107,17,30
951 DATA 0,25,235,201,111,38,0,41,229,41,41,41,41,209,183
952 DATA 237,82,89,22,0,25,235,201,205,62,3,62,10,211,33
953 DATA 205,62,3,123,211,32,205,62,3,62,11,211,33,205,62
954 DATA 3,122,211,32,201,245,205,62,3,62,12,211,33,205,62
955 DATA 3,241,211,32,201,219,33,7,56,251,201,124,68,68,68
956 DATA 68,68,124,16,24,16,16,16,16,56,124,64,64,124,4
957 DATA 4,124,124,64,64,124,64,64,124,68,68,68,124,64,64
958 DATA 0,124,4,4,124,64,64,124,124,4,4,124,68,68,124
959 DATA 124,64,64,64,64,64,0,124,68,68,124,68,68,124,124
960 DATA 68,68,124,64,64,124
;
; === DATA line 961: patch table (51 offsets) ===
961 DATA 15,21,34,37,61,69,88,93,101,106,138,150,158,170,183,186,208,222,287,292,300,305,337,349,357,369,382,385,407,421,661,670,675,679,690,694,697,705,710,713,729,736,744,750,754,789,796,802,809,817,824
;
; === BASIC loader (lines 6-11) ===
; 6 DIM MC$(452,1)
; 7 AD=VARPTR(MC$)-1
; 8 FOR I=0 TO 905:READ V:POKE AD+I,V:NEXT I
; 9 FOR I=0 TO 50:READ P
; 10 L=PEEK(AD+P):H=PEEK(AD+P+1):W=L+H*256+AD
; 11 POKE AD+P,W-INT(W/256)*256:POKE AD+P+1,INT(W/256):NEXT I
